Carran-D26: Carran bryophytes Aug 2020 clusters, group9
    54
C01           .02131     -.47197      .32480
C02           .45685     -.01524     -.53749
C03         -1.13831     1.18328      .12388
C04           .02131     -.47197      .32480
C05           .27217     -.35267     -.07600
C06           .07811     -.52116      .29296
C08         -1.37698      .86699      .01549
C09          -.45887      .06024      .16663
C10          -.46787      .19007      .07693
C11          -.45887      .06024      .16663
C12           .04459     -.52979      .26111
C13           .46379      .56123     -.60228
C14           .07811     -.52116      .29296
C15          -.07348     -.20073      .20335
C16           .01867     -.54854      .23743
C17           .08855     -.52317      .29940
C18           .80415     1.84539     -.09162
C19          1.08571     1.55795      .45140
C20           .07811     -.52116      .29296
C21           .04459     -.52979      .26111
C22           .11343     -.49627      .33430
C23          -.60584      .39555      .02016
C24           .04459     -.52979      .26111
C25           .01867     -.54854      .23743
C26           .04459     -.52979      .26111
C27           .11343     -.49627      .33430
C28           .04459     -.52979      .26111
C29           .13648     -.40481     -.18011
C30          -.78896     -.19391    -1.64662
C31           .14742     -.44970      .08035
C32           .07811     -.52116      .29296
C33         -1.08406      .75813     -.04172
C35           .19173     -.04981     -.19626
C38           .16990     -.34506     -.10875
C39           .51803      .16070     -.85061
C40           .53704      .03029      .20405
C41           .14742     -.44970      .08035
C42           .35840      .28854      .19530
C43           .27217     -.35267     -.07600
C44         -1.25206      .69631     -.07480
C45           .14742     -.44970      .08035
C46           .76450      .31614      .37013
C47           .51170     -.16002      .09523
C48           .14742     -.44970      .08035
C49          -.22123      .18671      .07786
C50           .64105      .92803     -.20921
C53           .23350      .50708    -1.47441
C54           .14742     -.44970      .08035
C57           .14742     -.44970      .08035
C59         -1.27546      .93828     -.06041
C70          -.26438     -.20458    -1.21125
C71           .48626      .34671     -.23309
C73          -.57346     1.69247      .13036
C74           .32109     -.30234      .32125
