     1 C01         -0.3036     0.0380     0.5344
     2 C02          0.4267     0.5878    -0.1096
     3 C03          0.0789    -1.4838    -1.0149
     4 C04         -0.3036     0.0380     0.5344
     5 C06         -0.2839     0.0958     0.5648
     6 C08          0.2333    -1.5559    -0.6574
     7 C09         -0.0562    -0.5118     0.0194
     8 C10          0.0265    -0.5349    -0.1319
     9 C11         -0.0562    -0.5118     0.0194
    10 C12         -0.2432     0.0720     0.5759
    11 C13          0.4415     0.5403    -0.6796
    12 C14         -0.2839     0.0958     0.5648
    13 C15         -0.1624    -0.0945     0.2473
    14 C16         -0.2103     0.0564     0.5906
    15 C18         -0.3143     0.4440    -1.9949
    16 C19         -0.8666     0.5693    -1.6210
    17 C20         -0.2839     0.0958     0.5648
    18 C21         -0.2432     0.0720     0.5759
    19 C22         -0.3280     0.1169     0.5477
    20 C23          0.1002    -0.6597    -0.2917
    21 C24         -0.2432     0.0720     0.5759
    22 C25         -0.2103     0.0564     0.5906
    23 C26         -0.2432     0.0720     0.5759
    24 C27         -0.3280     0.1169     0.5477
    25 C28         -0.2432     0.0720     0.5759
    26 C29          0.1589     0.2298     0.3787
    27 C30          1.9187    -0.3979     0.1020
    28 C31         -0.0980     0.2163     0.4512
    29 C32         -0.2839     0.0958     0.5648
    30 C33          0.2325    -1.2491    -0.6112
    31 C35          0.1814     0.2805    -0.0147
    32 C38          0.0636     0.2349     0.3117
    33 C40         -0.3540     0.4909    -0.1291
    34 C41         -0.0980     0.2163     0.4512
    35 C42         -0.3171     0.2700    -0.3507
    36 C44          0.3240    -1.4929    -0.5788
    37 C45         -0.0980     0.2163     0.4512
    38 C46         -0.6264     0.5767    -0.3929
    39 C47         -0.2510     0.5130     0.0755
    40 C48         -0.0980     0.2163     0.4512
    41 C49          0.0151    -0.2890    -0.1562
    42 C50         -0.0440     0.5348    -1.0554
    43 C53          1.4195     0.4875    -0.8908
    44 C54         -0.0980     0.2163     0.4512
    45 C57         -0.0980     0.2163     0.4512
    46 C59          0.2904    -1.4426    -0.7600
    47 C70          1.2850     0.0828     0.0974
    48 C71          0.0991     0.5002    -0.4485
    49 C73         -0.0439    -0.8996    -1.5917
    50 C74         -0.4030     0.2814     0.3059
    51 C02          0.4267     0.5878    -0.1096
    52 C05         -0.0020     0.3286     0.3059
    53 C17         -0.2931     0.1038     0.5658
    54 C39          0.6934     0.6869    -0.3358
    55 C43         -0.0020     0.3286     0.3059